# This file may be used to create an environment using:
# $ conda create --name <env> --file <this file>
# platform: win-64
anyio=3.5.0=py39hcbf5309_0
bzip2=1.0.8=h8ffe710_4
ca-certificates=2022.3.29=haa95532_1
certifi=2021.10.8=py39haa95532_2
charset-normalizer=2.0.12=pyhd8ed1ab_0
click=8.0.4=py39haa95532_0
colorama=0.4.4=pyhd3eb1b0_0
dataclasses=0.8=pyh6d0b6a4_7
flask=2.0.3=pyhd3eb1b0_0
h11=0.12.0=pyhd8ed1ab_0
h2=4.1.0=py39hcbf5309_0
hpack=4.0.0=pyh9f0ad1d_0
httpcore=0.14.7=pyhd8ed1ab_0
httpx=0.22.0=py39hcbf5309_0
hyperframe=6.0.1=pyhd8ed1ab_0
icu=58.2=vc14hc45fdbb_0
idna=3.3=pyhd8ed1ab_0
itsdangerous=2.0.1=pyhd3eb1b0_0
jinja2=3.0.3=pyhd3eb1b0_0
jpeg=9e=h2bbff1b_0
libffi=3.4.2=h8ffe710_5
libpng=1.6.37=h2a8f88b_0
libzlib=1.2.11=h8ffe710_1014
markupsafe=2.0.1=py39h2bbff1b_0
openssl=1.1.1n=h2bbff1b_0
pip=22.0.4=pyhd8ed1ab_0
pyodbc=4.0.32=py39hd77b12b_1
pyqt=5.9.2=py39hd77b12b_6
python=3.9.12=h6244533_0
python_abi=3.9=2_cp39
qt=5.9.7=vc14h73c81de_0
rfc3986=1.5.0=pyhd8ed1ab_0
setuptools=62.1.0=py39hcbf5309_0
sip=4.19.13=py39hd77b12b_0
sniffio=1.2.0=py39hcbf5309_3
sqlite=3.38.3=h8ffe710_0
tk=8.6.12=h8ffe710_0
tzdata=2022a=h191b570_0
ucrt=10.0.20348.0=h57928b3_0
vc=14.2=hb210afc_6
vs2015_runtime=14.29.30037=h902a5da_6
werkzeug=2.0.3=pyhd3eb1b0_0
wheel=0.37.1=pyhd8ed1ab_0
xz=5.2.5=h62dcd97_1
zlib=1.2.11=h8ffe710_1014
